//x = 50
//y = 30

const short ag20maze11_map[1500] = {
23, 23, 23, 23, 23, 23, 23, 23, 23, 23, 23, 23, 23, 23, 0, 0, 
0, 0, 0, 0, 0, 0, 0, 0, 0, 0, 0, 0, 0, 0, 0, 0, 
0, 0, 0, 0, 0, 0, 0, 0, 0, 0, 0, 0, 0, 0, 0, 0, 
0, 0,
23, 0, 17, 0, 0, 0, 0, 0, 0, 0, 0, 0, 0, 23, 0, 0, 
0, 0, 0, 0, 0, 0, 0, 0, 0, 0, 0, 0, 0, 0, 0, 0, 
0, 0, 0, 0, 0, 0, 0, 0, 0, 0, 0, 0, 0, 0, 0, 0, 
0, 0,
23, 0, 0, 0, 0, 0, 0, 0, 0, 0, 0, 0, 0, 23, 0, 0, 
0, 0, 0, 0, 0, 0, 0, 0, 0, 0, 0, 0, 0, 0, 0, 0, 
0, 0, 0, 0, 0, 0, 0, 0, 0, 0, 0, 0, 0, 0, 0, 0, 
0, 0,
23, 23, 23, 0, 0, 0, 0, 16, 0, 0, 0, 0, 0, 23, 0, 0, 
0, 0, 0, 0, 0, 0, 0, 0, 0, 0, 0, 0, 0, 0, 0, 0, 
0, 0, 0, 0, 0, 0, 0, 0, 0, 0, 0, 0, 0, 0, 0, 0, 
0, 0,
23, 0, 23, 23, 23, 23, 23, 23, 0, 0, 0, 0, 23, 23, 0, 0, 
0, 0, 0, 0, 0, 0, 0, 0, 0, 23, 23, 23, 23, 23, 23, 23, 
23, 23, 23, 23, 23, 23, 23, 23, 23, 23, 23, 0, 0, 0, 0, 0, 
0, 0,
23, 0, 0, 0, 0, 0, 0, 0, 0, 0, 0, 0, 23, 23, 0, 0, 
0, 0, 0, 0, 0, 0, 0, 0, 23, 23, 0, 0, 0, 0, 0, 0, 
0, 0, 0, 0, 0, 0, 0, 0, 0, 0, 23, 0, 0, 0, 0, 0, 
0, 0,
23, 0, 0, 0, 0, 0, 0, 0, 0, 0, 0, 0, 0, 23, 0, 0, 
0, 0, 0, 0, 0, 0, 0, 0, 23, 0, 0, 0, 0, 0, 0, 0, 
0, 0, 0, 0, 0, 0, 0, 0, 0, 27, 23, 0, 0, 0, 0, 0, 
0, 0,
23, 0, 0, 0, 0, 0, 0, 0, 0, 0, 0, 0, 0, 23, 0, 0, 
0, 0, 0, 0, 0, 0, 0, 0, 23, 0, 0, 0, 0, 0, 0, 0, 
0, 0, 0, 0, 0, 0, 0, 0, 0, 23, 23, 0, 0, 0, 0, 0, 
0, 0,
23, 0, 0, 0, 0, 0, 0, 0, 0, 0, 0, 0, 23, 23, 0, 0, 
0, 0, 0, 0, 0, 0, 0, 0, 23, 0, 0, 0, 0, 0, 0, 0, 
0, 0, 0, 0, 25, 23, 23, 23, 23, 23, 0, 0, 0, 0, 0, 0, 
0, 0,
23, 0, 0, 0, 0, 0, 0, 0, 0, 0, 0, 0, 23, 23, 0, 0, 
0, 0, 0, 0, 0, 0, 0, 23, 23, 0, 0, 0, 0, 0, 0, 0, 
0, 0, 0, 0, 25, 23, 23, 23, 23, 23, 0, 0, 0, 0, 0, 0, 
0, 0,
23, 0, 0, 0, 0, 0, 0, 0, 0, 0, 0, 0, 0, 23, 23, 23, 
23, 23, 23, 23, 23, 23, 23, 23, 0, 0, 0, 0, 0, 0, 0, 0, 
0, 0, 0, 0, 25, 0, 0, 0, 0, 23, 0, 0, 0, 0, 0, 0, 
0, 0,
23, 0, 0, 0, 0, 0, 0, 0, 0, 0, 0, 0, 0, 0, 0, 0, 
0, 0, 0, 0, 0, 0, 0, 0, 0, 0, 0, 0, 0, 0, 0, 0, 
0, 0, 0, 0, 25, 0, 0, 0, 0, 23, 0, 0, 0, 0, 0, 0, 
0, 0,
23, 0, 0, 0, 0, 0, 0, 0, 0, 0, 0, 0, 0, 0, 0, 0, 
0, 0, 0, 0, 0, 0, 0, 0, 0, 0, 0, 0, 0, 0, 0, 0, 
0, 0, 0, 0, 25, 0, 0, 0, 0, 23, 0, 0, 0, 0, 0, 0, 
0, 0,
23, 0, 0, 0, 0, 28, 0, 0, 0, 0, 0, 0, 0, 0, 0, 0, 
0, 0, 0, 0, 0, 0, 0, 24, 0, 0, 0, 24, 0, 0, 0, 0, 
0, 0, 0, 0, 25, 0, 0, 0, 0, 23, 0, 0, 0, 0, 0, 0, 
0, 0,
23, 23, 23, 23, 23, 23, 23, 23, 23, 23, 23, 23, 23, 23, 0, 0, 
0, 25, 23, 23, 23, 23, 23, 23, 23, 23, 23, 23, 23, 0, 0, 0, 
0, 0, 0, 0, 25, 0, 0, 0, 0, 23, 0, 0, 0, 0, 0, 0, 
0, 0,
0, 0, 0, 0, 0, 0, 0, 0, 0, 0, 0, 0, 0, 23, 0, 0, 
0, 25, 0, 0, 23, 23, 0, 0, 0, 0, 0, 0, 23, 23, 23, 23, 
23, 23, 23, 23, 23, 23, 23, 23, 23, 23, 0, 0, 0, 0, 0, 0, 
0, 0,
0, 0, 0, 0, 0, 0, 0, 0, 0, 0, 0, 0, 0, 23, 0, 0, 
0, 25, 0, 0, 0, 0, 0, 0, 0, 0, 0, 0, 0, 0, 0, 0, 
0, 23, 0, 0, 0, 0, 0, 0, 0, 0, 0, 0, 0, 0, 0, 0, 
0, 0,
0, 0, 0, 0, 0, 0, 0, 0, 0, 0, 0, 0, 0, 23, 0, 0, 
0, 25, 0, 0, 0, 0, 0, 0, 0, 0, 0, 0, 0, 0, 0, 0, 
0, 23, 0, 0, 0, 0, 0, 0, 0, 0, 0, 0, 0, 0, 0, 0, 
0, 0,
0, 0, 0, 0, 0, 0, 0, 0, 0, 0, 0, 0, 0, 23, 0, 0, 
0, 25, 0, 0, 0, 0, 0, 0, 0, 0, 0, 0, 0, 0, 0, 0, 
0, 23, 0, 0, 0, 0, 0, 0, 0, 0, 0, 0, 0, 0, 0, 0, 
0, 0,
0, 0, 0, 0, 0, 0, 0, 0, 0, 0, 0, 0, 0, 23, 0, 0, 
0, 25, 0, 0, 0, 0, 0, 0, 0, 0, 0, 0, 0, 0, 0, 0, 
0, 23, 0, 0, 0, 0, 0, 0, 0, 0, 0, 0, 0, 0, 0, 0, 
0, 0,
0, 0, 0, 0, 0, 0, 0, 0, 0, 0, 0, 0, 0, 23, 0, 0, 
0, 25, 0, 0, 0, 0, 0, 0, 0, 0, 0, 0, 0, 25, 0, 0, 
0, 23, 0, 0, 0, 0, 0, 0, 0, 0, 0, 0, 0, 0, 0, 0, 
0, 0,
0, 0, 0, 0, 0, 0, 0, 0, 0, 0, 0, 0, 0, 23, 0, 0, 
23, 23, 23, 23, 23, 23, 23, 0, 0, 0, 0, 0, 0, 25, 0, 0, 
0, 23, 0, 0, 0, 0, 0, 0, 0, 0, 0, 0, 0, 0, 0, 0, 
0, 0,
0, 0, 0, 0, 0, 0, 0, 0, 0, 0, 0, 0, 0, 23, 0, 0, 
0, 0, 0, 0, 0, 0, 0, 0, 0, 0, 0, 0, 0, 25, 0, 0, 
0, 23, 0, 0, 0, 0, 0, 0, 0, 0, 0, 0, 0, 0, 0, 0, 
0, 0,
0, 0, 0, 0, 0, 0, 0, 0, 0, 0, 0, 0, 0, 23, 0, 0, 
0, 0, 0, 0, 0, 0, 0, 0, 0, 0, 0, 0, 0, 25, 0, 0, 
0, 23, 0, 0, 0, 0, 0, 0, 0, 0, 0, 0, 0, 0, 0, 0, 
0, 0,
0, 0, 0, 0, 0, 0, 0, 0, 0, 0, 0, 0, 0, 23, 23, 23, 
23, 23, 23, 0, 0, 0, 0, 0, 0, 0, 28, 0, 0, 25, 0, 26, 
0, 23, 0, 0, 0, 0, 0, 0, 0, 0, 0, 0, 0, 0, 0, 0, 
0, 0,
0, 0, 0, 0, 0, 0, 0, 0, 0, 0, 0, 0, 0, 0, 0, 0, 
0, 0, 23, 23, 23, 23, 23, 23, 23, 23, 23, 23, 23, 23, 23, 23, 
23, 23, 0, 0, 0, 0, 0, 0, 0, 0, 0, 0, 0, 0, 0, 0, 
0, 0,
0, 0, 0, 0, 0, 0, 0, 0, 0, 0, 0, 0, 0, 0, 0, 0, 
0, 0, 0, 0, 0, 0, 0, 0, 0, 0, 0, 0, 0, 0, 0, 0, 
0, 0, 0, 0, 0, 0, 0, 0, 0, 0, 0, 0, 0, 0, 0, 0, 
0, 0,
0, 0, 0, 0, 0, 0, 0, 0, 0, 0, 0, 0, 0, 0, 0, 0, 
0, 0, 0, 0, 0, 0, 0, 0, 0, 0, 0, 0, 0, 0, 0, 0, 
0, 0, 0, 0, 0, 0, 0, 0, 0, 0, 0, 0, 0, 0, 0, 0, 
0, 0,
0, 0, 0, 0, 0, 0, 0, 0, 0, 0, 0, 0, 0, 0, 0, 0, 
0, 0, 0, 0, 0, 0, 0, 0, 0, 0, 0, 0, 0, 0, 0, 0, 
0, 0, 0, 0, 0, 0, 0, 0, 0, 0, 0, 0, 0, 0, 0, 0, 
0, 0,
0, 0, 0, 0, 0, 0, 0, 0, 0, 0, 0, 0, 0, 0, 0, 0, 
0, 0, 0, 0, 0, 0, 0, 0, 0, 0, 0, 0, 0, 0, 0, 0, 
0, 0, 0, 0, 0, 0, 0, 0, 0, 0, 0, 0, 0, 0, 0, 0, 
0, 0
};

