const short ag20planet01.visible_map[6144] = {
332, 332, 332, 332, 332, 332, 332, 302, 302, 332, 302, 302, 302, 302, 302, 302, 
302, 302, 302, 302, 332, 302, 302, 302, 332, 302, 302, 302, 332, 302, 302, 302, 
302, 302, 302, 302, 302, 302, 302, 302, 302, 332, 302, 302, 302, 302, 0, 0, 
0, 0, 0, 0, 0, 0, 0, 0, 0, 0, 0, 0, 0, 0, 0, 0, 
0, 0, 0, 0, 0, 0, 0, 0, 0, 0, 0, 0, 0, 0, 0, 0, 
0, 0, 0, 0, 0, 0, 0, 0, 0, 0, 0, 0, 0, 0, 0, 0, 
0, 0, 0, 0, 0, 0, 0, 0, 0, 0, 0, 0, 0, 0, 0, 0, 
0, 0, 0, 0, 0, 0, 0, 0, 0, 0, 0, 0, 0, 0, 0, 0, 
0, 0, 0, 0, 0, 0, 0, 0, 0, 0, 0, 0, 0, 0, 0, 0, 
0, 0, 0, 0, 0, 0, 0, 0, 0, 0, 0, 0, 276, 276, 276, 276, 
276, 276, 276, 276, 276, 276, 276, 276, 276, 276, 276, 276, 276, 276, 276, 276, 
276, 276, 276, 276, 276, 276, 276, 276, 276, 276, 276, 276, 276, 276, 276, 276
,
302, 302, 302, 302, 302, 302, 302, 302, 302, 302, 302, 302, 302, 302, 302, 302, 
302, 332, 302, 302, 302, 302, 302, 332, 302, 302, 332, 302, 302, 302, 332, 302, 
302, 302, 302, 302, 302, 302, 302, 302, 302, 302, 302, 332, 302, 332, 0, 0, 
0, 0, 0, 0, 0, 0, 0, 0, 0, 0, 0, 0, 0, 0, 0, 0, 
0, 0, 0, 0, 0, 0, 0, 0, 0, 0, 0, 0, 0, 0, 0, 0, 
0, 0, 0, 0, 0, 0, 0, 0, 0, 0, 0, 0, 0, 0, 0, 0, 
0, 0, 0, 0, 0, 0, 0, 0, 0, 0, 0, 0, 0, 0, 0, 0, 
0, 0, 0, 0, 0, 0, 0, 0, 0, 0, 0, 0, 0, 0, 0, 0, 
0, 0, 0, 0, 0, 0, 0, 0, 0, 0, 0, 0, 0, 0, 0, 0, 
0, 0, 0, 0, 0, 0, 0, 0, 0, 0, 0, 0, 0, 276, 276, 276, 
276, 276, 276, 276, 276, 276, 276, 276, 276, 276, 276, 276, 276, 276, 276, 276, 
276, 276, 276, 276, 276, 276, 276, 276, 276, 276, 276, 276, 276, 276, 276, 276
,
302, 302, 302, 302, 302, 302, 302, 302, 332, 302, 302, 302, 302, 302, 302, 332, 
219, 219, 219, 219, 219, 219, 219, 219, 219, 219, 219, 219, 302, 302, 302, 302, 
302, 302, 302, 302, 302, 302, 302, 302, 302, 0, 0, 302, 57, 0, 0, 0, 
0, 0, 0, 0, 0, 0, 0, 0, 0, 0, 0, 0, 0, 0, 0, 0, 
0, 0, 0, 0, 0, 0, 0, 0, 0, 0, 0, 0, 0, 0, 0, 0, 
0, 0, 0, 0, 0, 0, 0, 0, 0, 0, 0, 0, 0, 0, 0, 0, 
0, 0, 0, 0, 0, 0, 0, 0, 0, 0, 0, 0, 0, 0, 0, 0, 
0, 0, 0, 0, 0, 0, 0, 0, 0, 0, 0, 0, 0, 0, 0, 0, 
0, 0, 0, 0, 0, 0, 0, 0, 0, 0, 0, 0, 0, 0, 0, 0, 
0, 0, 0, 0, 0, 0, 0, 0, 0, 0, 0, 0, 0, 0, 0, 0, 
0, 0, 0, 0, 0, 276, 276, 276, 276, 276, 276, 276, 276, 276, 276, 276, 
276, 276, 276, 276, 276, 276, 276, 276, 276, 276, 163, 219, 219, 219, 163, 276
,
302, 302, 219, 219, 219, 219, 219, 219, 219, 219, 219, 219, 219, 219, 219, 219, 
219, 219, 219, 219, 219, 218, 219, 219, 219, 219, 219, 219, 219, 219, 302, 302, 
302, 302, 302, 219, 219, 219, 219, 219, 219, 0, 0, 0, 57, 0, 0, 0, 
0, 0, 0, 0, 0, 0, 0, 0, 0, 0, 0, 0, 0, 0, 0, 0, 
0, 0, 0, 0, 0, 0, 0, 0, 0, 0, 0, 0, 0, 0, 0, 0, 
0, 0, 0, 0, 0, 0, 0, 0, 0, 0, 0, 0, 0, 0, 0, 0, 
0, 0, 0, 0, 0, 0, 0, 0, 0, 0, 0, 0, 0, 0, 0, 0, 
0, 0, 0, 0, 0, 0, 0, 0, 0, 0, 0, 0, 0, 0, 0, 0, 
0, 0, 0, 0, 0, 0, 0, 0, 0, 0, 0, 0, 0, 0, 0, 0, 
0, 0, 0, 0, 0, 0, 0, 0, 0, 0, 0, 0, 0, 0, 0, 0, 
0, 0, 0, 0, 0, 0, 276, 276, 276, 276, 276, 276, 276, 276, 276, 276, 
276, 276, 276, 276, 276, 219, 219, 219, 219, 219, 219, 219, 219, 219, 219, 219
,
219, 219, 219, 219, 219, 219, 219, 219, 219, 219, 219, 219, 219, 219, 219, 219, 
219, 133, 219, 219, 219, 219, 219, 163, 219, 219, 219, 219, 219, 219, 219, 219, 
219, 219, 219, 219, 219, 219, 0, 0, 0, 0, 0, 0, 0, 0, 0, 0, 
0, 0, 0, 0, 0, 0, 0, 0, 0, 0, 0, 0, 0, 0, 0, 0, 
0, 0, 0, 0, 0, 0, 0, 0, 0, 0, 0, 0, 0, 0, 0, 0, 
0, 0, 0, 0, 0, 0, 0, 0, 0, 0, 0, 0, 0, 0, 0, 0, 
0, 0, 0, 0, 0, 0, 0, 0, 0, 0, 0, 0, 0, 0, 0, 0, 
0, 0, 0, 0, 0, 0, 0, 0, 0, 0, 0, 0, 0, 0, 0, 0, 
0, 0, 0, 0, 0, 0, 0, 0, 0, 0, 0, 0, 0, 0, 0, 0, 
0, 0, 0, 0, 0, 0, 0, 0, 0, 0, 0, 0, 0, 0, 0, 0, 
0, 0, 0, 0, 0, 0, 0, 0, 276, 276, 276, 276, 276, 276, 276, 276, 
276, 276, 276, 219, 219, 219, 219, 219, 219, 219, 219, 219, 219, 219, 219, 219
,
219, 219, 219, 219, 219, 219, 219, 219, 219, 133, 219, 219, 219, 219, 219, 133, 
219, 219, 219, 219, 219, 219, 219, 219, 219, 219, 219, 219, 219, 219, 219, 219, 
219, 219, 219, 219, 218, 219, 219, 219, 0, 0, 0, 0, 0, 0, 0, 0, 
0, 0, 0, 0, 0, 0, 0, 0, 0, 0, 0, 0, 0, 0, 0, 0, 
0, 0, 0, 0, 0, 0, 0, 0, 0, 0, 0, 0, 0, 0, 0, 0, 
0, 0, 0, 0, 0, 0, 0, 0, 0, 0, 0, 0, 0, 0, 0, 0, 
0, 0, 0, 0, 0, 0, 0, 0, 0, 0, 0, 0, 0, 0, 0, 0, 
0, 0, 0, 0, 0, 0, 0, 0, 0, 0, 0, 0, 0, 0, 0, 0, 
0, 0, 0, 0, 0, 0, 0, 0, 0, 0, 0, 0, 0, 0, 0, 0, 
0, 0, 0, 0, 0, 0, 0, 0, 0, 0, 0, 0, 0, 0, 0, 0, 
0, 0, 0, 0, 0, 0, 0, 0, 276, 276, 133, 219, 219, 219, 219, 219, 
219, 219, 219, 219, 219, 219, 219, 219, 218, 219, 219, 219, 219, 219, 219, 219
,
219, 219, 219, 219, 219, 218, 219, 219, 219, 219, 219, 219, 219, 219, 219, 219, 
219, 219, 219, 133, 219, 219, 219, 219, 219, 219, 219, 219, 219, 219, 219, 219, 
219, 219, 219, 163, 219, 219, 219, 219, 0, 0, 0, 0, 0, 0, 0, 0, 
0, 0, 0, 0, 0, 0, 0, 0, 0, 0, 0, 0, 0, 0, 0, 0, 
0, 0, 0, 0, 0, 0, 0, 0, 0, 0, 0, 0, 0, 0, 0, 0, 
0, 0, 0, 0, 0, 0, 0, 0, 0, 0, 0, 0, 0, 0, 0, 0, 
0, 0, 0, 0, 0, 0, 0, 0, 0, 0, 0, 0, 0, 0, 0, 0, 
0, 0, 0, 0, 0, 0, 0, 0, 0, 0, 0, 0, 0, 0, 0, 0, 
0, 0, 0, 0, 0, 0, 0, 0, 0, 0, 0, 0, 0, 0, 0, 0, 
0, 0, 0, 0, 0, 0, 0, 0, 0, 0, 0, 0, 0, 0, 0, 0, 
0, 0, 0, 0, 0, 0, 0, 0, 0, 0, 219, 219, 219, 219, 133, 219, 
219, 219, 163, 219, 219, 219, 219, 219, 219, 219, 219, 219, 219, 218, 133, 219
,
219, 219, 219, 219, 163, 219, 219, 219, 218, 219, 219, 219, 219, 219, 219, 219, 
219, 219, 219, 219, 219, 219, 219, 219, 219, 163, 219, 219, 218, 219, 219, 219, 
219, 219, 219, 219, 219, 219, 219, 0, 0, 0, 0, 0, 0, 0, 0, 0, 
0, 0, 0, 0, 0, 0, 0, 0, 0, 0, 0, 0, 0, 0, 0, 0, 
0, 0, 0, 0, 0, 0, 0, 0, 0, 0, 0, 0, 0, 0, 0, 0, 
0, 0, 0, 0, 0, 0, 0, 0, 0, 0, 0, 0, 0, 0, 0, 0, 
0, 0, 0, 0, 0, 0, 0, 0, 0, 0, 0, 0, 0, 0, 0, 0, 
0, 142, 142, 142, 142, 142, 142, 0, 0, 0, 0, 0, 0, 0, 0, 0, 
0, 0, 0, 0, 0, 0, 0, 0, 0, 0, 0, 0, 0, 0, 0, 0, 
0, 0, 0, 0, 0, 0, 0, 0, 0, 0, 0, 0, 0, 0, 0, 0, 
0, 0, 0, 0, 0, 0, 0, 0, 0, 0, 219, 219, 219, 219, 219, 219, 
219, 219, 219, 219, 219, 219, 219, 219, 133, 219, 219, 219, 219, 133, 163, 219
,
219, 219, 219, 219, 219, 219, 219, 219, 219, 219, 163, 219, 219, 219, 219, 219, 
219, 219, 219, 219, 219, 219, 219, 219, 219, 219, 133, 163, 219, 219, 219, 219, 
219, 219, 219, 219, 219, 219, 219, 0, 0, 0, 0, 0, 0, 0, 0, 0, 
0, 0, 0, 0, 0, 0, 0, 0, 0, 0, 0, 0, 0, 0, 0, 0, 
0, 0, 0, 0, 0, 0, 0, 0, 0, 0, 0, 0, 0, 0, 0, 0, 
0, 0, 0, 0, 0, 0, 0, 0, 0, 0, 0, 0, 0, 0, 0, 0, 
0, 0, 0, 0, 0, 0, 0, 0, 0, 0, 0, 0, 0, 0, 0, 0, 
142, 142, 142, 142, 142, 142, 142, 142, 0, 0, 0, 0, 0, 0, 0, 0, 
0, 0, 0, 0, 0, 0, 0, 0, 0, 0, 0, 0, 0, 0, 0, 0, 
0, 0, 0, 0, 0, 0, 0, 0, 0, 0, 0, 0, 0, 0, 0, 0, 
0, 0, 0, 0, 0, 0, 0, 0, 0, 0, 0, 219, 219, 219, 219, 219, 
219, 219, 219, 219, 219, 219, 219, 219, 219, 219, 219, 219, 219, 219, 219, 133
,
219, 219, 219, 219, 219, 219, 219, 219, 219, 218, 219, 219, 219, 219, 219, 133, 
219, 219, 219, 219, 219, 219, 219, 219, 219, 219, 219, 219, 219, 219, 219, 219, 
219, 219, 219, 219, 219, 219, 0, 0, 0, 0, 0, 0, 0, 0, 0, 0, 
0, 0, 0, 0, 0, 0, 0, 0, 0, 0, 0, 0, 0, 0, 0, 0, 
0, 0, 0, 0, 0, 0, 0, 0, 0, 0, 0, 0, 0, 0, 0, 0, 
0, 0, 0, 0, 0, 0, 0, 0, 0, 0, 0, 0, 0, 0, 0, 0, 
0, 0, 0, 0, 0, 0, 0, 0, 0, 0, 0, 0, 0, 0, 0, 142, 
142, 142, 142, 142, 142, 142, 142, 142, 142, 0, 0, 0, 0, 0, 0, 0, 
0, 0, 0, 0, 0, 0, 0, 0, 0, 0, 0, 0, 0, 0, 0, 0, 
0, 0, 0, 0, 0, 0, 0, 0, 0, 0, 0, 0, 0, 0, 0, 0, 
0, 0, 0, 0, 0, 0, 0, 0, 0, 0, 0, 0, 219, 219, 219, 219, 
219, 219, 219, 219, 219, 219, 219, 219, 219, 219, 219, 219, 219, 219, 219, 219
,
219, 219, 219, 219, 219, 133, 219, 133, 219, 219, 219, 219, 219, 219, 219, 219, 
219, 219, 219, 219, 219, 219, 219, 219, 219, 219, 219, 219, 219, 219, 219, 219, 
219, 219, 219, 219, 219, 219, 0, 0, 0, 0, 0, 0, 0, 0, 0, 0, 
0, 0, 0, 0, 0, 0, 0, 0, 0, 0, 0, 0, 0, 0, 0, 0, 
0, 0, 0, 0, 0, 0, 0, 0, 0, 0, 0, 0, 0, 0, 0, 0, 
0, 0, 0, 0, 0, 0, 0, 0, 0, 0, 0, 0, 0, 0, 0, 0, 
0, 0, 0, 0, 0, 0, 0, 0, 0, 0, 0, 0, 0, 0, 0, 142, 
109, 110, 112, 142, 142, 109, 110, 112, 142, 0, 0, 0, 0, 0, 0, 0, 
0, 0, 0, 0, 0, 0, 0, 0, 0, 0, 0, 0, 0, 0, 0, 0, 
0, 0, 0, 0, 0, 0, 0, 0, 0, 0, 0, 0, 0, 0, 0, 0, 
0, 0, 0, 0, 0, 0, 0, 0, 0, 0, 0, 0, 0, 219, 219, 218, 
219, 219, 219, 219, 219, 219, 219, 219, 219, 219, 219, 133, 219, 219, 219, 219
,
219, 219, 219, 219, 219, 219, 219, 219, 219, 219, 219, 219, 219, 219, 219, 219, 
219, 219, 219, 219, 219, 219, 219, 219, 219, 219, 219, 219, 219, 219, 219, 219, 
163, 219, 219, 219, 219, 219, 0, 0, 0, 0, 0, 0, 0, 0, 0, 0, 
0, 0, 0, 0, 0, 0, 0, 0, 0, 0, 0, 0, 0, 0, 0, 0, 
0, 0, 0, 0, 0, 0, 0, 0, 0, 0, 0, 0, 0, 0, 0, 0, 
0, 0, 0, 0, 0, 0, 0, 0, 0, 0, 0, 0, 0, 0, 0, 0, 
0, 0, 0, 0, 0, 0, 0, 0, 0, 0, 0, 0, 0, 0, 0, 142, 
173, 106, 148, 142, 142, 173, 106, 148, 142, 0, 0, 0, 0, 0, 0, 0, 
0, 0, 0, 0, 0, 0, 0, 0, 0, 0, 0, 0, 0, 151, 154, 0, 
0, 0, 0, 0, 0, 0, 0, 0, 0, 0, 0, 0, 0, 0, 0, 0, 
0, 0, 0, 0, 0, 0, 0, 0, 0, 0, 0, 0, 0, 0, 219, 219, 
219, 219, 219, 219, 219, 219, 219, 219, 219, 219, 219, 219, 219, 219, 219, 219
,
219, 219, 219, 133, 219, 218, 163, 219, 219, 219, 219, 219, 219, 219, 219, 219, 
219, 219, 219, 219, 219, 219, 219, 219, 219, 219, 219, 219, 219, 219, 219, 219, 
219, 219, 219, 219, 0, 0, 0, 0, 0, 0, 0, 0, 0, 0, 0, 0, 
0, 0, 0, 0, 0, 0, 0, 0, 0, 0, 0, 0, 0, 0, 0, 0, 
0, 0, 0, 0, 0, 0, 0, 0, 0, 0, 0, 0, 0, 0, 0, 0, 
0, 0, 0, 0, 0, 0, 0, 0, 0, 0, 0, 0, 0, 0, 0, 0, 
0, 0, 0, 0, 0, 0, 0, 0, 0, 0, 0, 0, 0, 0, 0, 142, 
173, 106, 148, 142, 142, 145, 106, 176, 142, 0, 0, 0, 0, 0, 0, 0, 
0, 0, 0, 0, 0, 0, 0, 0, 0, 0, 0, 0, 151, 181, 181, 154, 
0, 0, 0, 0, 0, 0, 0, 0, 0, 0, 0, 0, 0, 0, 0, 0, 
0, 0, 0, 0, 0, 0, 0, 0, 0, 0, 0, 0, 0, 0, 219, 219, 
219, 219, 133, 219, 219, 219, 219, 163, 219, 219, 219, 219, 219, 219, 219, 219
,
219, 219, 219, 219, 219, 219, 219, 219, 219, 219, 219, 219, 219, 219, 219, 219, 
163, 219, 219, 218, 219, 219, 219, 219, 219, 163, 219, 219, 219, 219, 219, 219, 
219, 219, 219, 219, 0, 0, 0, 0, 0, 0, 0, 0, 0, 0, 0, 0, 
0, 0, 0, 0, 0, 0, 0, 0, 0, 0, 0, 0, 0, 0, 0, 0, 
0, 0, 0, 0, 0, 0, 0, 0, 0, 0, 0, 0, 0, 0, 0, 0, 
0, 0, 0, 0, 0, 0, 0, 0, 0, 0, 0, 0, 0, 0, 0, 0, 
0, 0, 0, 0, 0, 0, 0, 0, 0, 0, 0, 0, 0, 0, 0, 142, 
173, 106, 148, 142, 142, 145, 106, 148, 142, 0, 0, 0, 0, 0, 0, 0, 
0, 0, 0, 0, 0, 0, 0, 0, 0, 0, 0, 151, 181, 181, 181, 181, 
154, 0, 0, 0, 0, 0, 0, 0, 0, 0, 0, 0, 0, 0, 0, 0, 
0, 0, 0, 0, 0, 0, 0, 0, 0, 0, 0, 0, 0, 0, 0, 219, 
219, 219, 219, 219, 219, 219, 219, 219, 219, 219, 219, 219, 219, 219, 219, 219
,
219, 219, 133, 219, 219, 219, 219, 219, 219, 219, 219, 219, 219, 219, 219, 219, 
219, 219, 219, 219, 219, 219, 219, 219, 219, 219, 219, 219, 219, 219, 219, 219, 
219, 219, 219, 219, 219, 219, 0, 0, 0, 0, 0, 0, 0, 0, 0, 0, 
0, 0, 0, 0, 0, 0, 0, 0, 0, 0, 0, 0, 0, 0, 0, 0, 
0, 0, 0, 0, 0, 0, 0, 0, 0, 0, 0, 0, 0, 0, 0, 0, 
0, 0, 0, 0, 0, 0, 0, 0, 0, 0, 0, 0, 0, 0, 0, 0, 
0, 0, 0, 0, 0, 0, 0, 0, 0, 0, 0, 0, 0, 0, 0, 142, 
173, 106, 148, 142, 142, 173, 106, 176, 142, 0, 0, 0, 0, 0, 0, 0, 
0, 0, 0, 0, 0, 0, 0, 0, 0, 0, 151, 181, 181, 181, 181, 181, 
181, 154, 0, 0, 0, 0, 0, 0, 0, 0, 0, 0, 0, 0, 0, 0, 
0, 0, 0, 0, 0, 0, 0, 0, 0, 0, 0, 0, 0, 0, 0, 0, 
219, 219, 219, 219, 219, 219, 219, 219, 219, 219, 219, 219, 133, 219, 219, 219
,
219, 219, 219, 219, 219, 219, 219, 219, 219, 219, 219, 133, 219, 219, 219, 219, 
219, 219, 219, 219, 219, 219, 219, 219, 219, 219, 219, 219, 219, 219, 133, 218, 
219, 219, 219, 219, 219, 219, 0, 0, 0, 0, 0, 0, 0, 0, 0, 0, 
0, 0, 0, 0, 0, 0, 0, 0, 0, 0, 0, 0, 0, 0, 0, 0, 
0, 0, 0, 0, 0, 0, 0, 0, 0, 0, 0, 0, 0, 0, 0, 0, 
0, 0, 0, 0, 0, 0, 0, 0, 0, 0, 0, 0, 0, 0, 0, 0, 
0, 0, 0, 0, 0, 0, 0, 0, 0, 0, 0, 0, 0, 0, 0, 142, 
193, 194, 204, 142, 142, 193, 194, 196, 142, 0, 0, 0, 0, 0, 0, 0, 
0, 0, 0, 0, 0, 0, 0, 0, 0, 151, 181, 159, 159, 181, 181, 159, 
181, 181, 154, 0, 0, 0, 0, 0, 0, 0, 0, 0, 0, 0, 0, 0, 
0, 0, 0, 0, 0, 0, 0, 0, 0, 0, 0, 0, 0, 0, 0, 0, 
0, 219, 219, 219, 219, 219, 219, 219, 219, 219, 219, 219, 219, 219, 218, 219
,
219, 219, 219, 219, 219, 219, 219, 219, 219, 219, 219, 219, 219, 219, 219, 219, 
219, 133, 219, 219, 219, 219, 219, 219, 219, 219, 219, 219, 219, 219, 219, 219, 
133, 219, 219, 219, 219, 219, 0, 0, 0, 0, 0, 0, 0, 0, 0, 0, 
0, 0, 0, 0, 0, 0, 0, 0, 0, 0, 0, 0, 0, 0, 0, 0, 
0, 0, 0, 0, 0, 0, 0, 0, 0, 0, 0, 0, 0, 0, 0, 0, 
0, 0, 0, 0, 0, 0, 0, 0, 0, 0, 0, 0, 0, 0, 0, 0, 
0, 0, 0, 0, 0, 0, 0, 0, 0, 0, 0, 0, 0, 0, 0, 142, 
142, 142, 142, 142, 142, 142, 142, 142, 142, 0, 0, 0, 0, 0, 0, 0, 
0, 0, 0, 0, 0, 0, 0, 0, 151, 181, 181, 159, 159, 159, 159, 159, 
181, 181, 181, 154, 0, 0, 0, 0, 0, 0, 0, 0, 0, 0, 0, 0, 
0, 0, 0, 0, 0, 0, 0, 0, 0, 0, 0, 0, 0, 0, 0, 0, 
0, 133, 219, 219, 219, 219, 219, 219, 219, 219, 219, 219, 219, 219, 219, 219
,
219, 219, 219, 219, 219, 219, 219, 219, 219, 219, 219, 219, 219, 219, 219, 219, 
219, 219, 219, 219, 219, 219, 219, 219, 219, 219, 219, 219, 219, 219, 219, 219, 
219, 219, 219, 219, 219, 219, 219, 0, 0, 0, 0, 0, 0, 0, 0, 0, 
0, 0, 0, 0, 0, 0, 0, 0, 0, 0, 0, 0, 0, 0, 0, 0, 
0, 0, 0, 0, 0, 0, 0, 0, 0, 0, 0, 0, 0, 0, 0, 0, 
0, 0, 0, 0, 0, 0, 0, 0, 0, 0, 0, 0, 0, 0, 0, 0, 
0, 0, 0, 0, 0, 0, 0, 0, 0, 0, 0, 0, 0, 0, 0, 0, 
0, 142, 142, 142, 142, 142, 142, 0, 0, 0, 0, 0, 0, 0, 0, 0, 
0, 0, 0, 0, 0, 0, 0, 151, 181, 159, 159, 159, 159, 159, 159, 159, 
159, 181, 181, 181, 36, 36, 36, 36, 36, 34, 36, 34, 35, 8, 8, 0, 
0, 0, 0, 0, 0, 0, 0, 0, 0, 0, 0, 0, 0, 0, 0, 0, 
0, 219, 219, 219, 219, 219, 219, 219, 133, 219, 219, 219, 219, 219, 219, 219
,
219, 219, 219, 219, 219, 219, 219, 219, 219, 219, 219, 302, 302, 302, 302, 219, 
218, 219, 219, 219, 219, 163, 302, 302, 302, 302, 302, 302, 302, 302, 302, 302, 
302, 302, 302, 302, 302, 302, 328, 59, 250, 328, 302, 0, 0, 0, 0, 0, 
0, 0, 0, 0, 0, 0, 0, 0, 0, 0, 0, 0, 0, 0, 0, 0, 
0, 0, 0, 0, 0, 0, 0, 0, 0, 0, 0, 0, 0, 0, 0, 0, 
0, 0, 0, 0, 0, 0, 0, 0, 0, 0, 0, 0, 0, 0, 0, 0, 
0, 0, 0, 0, 0, 0, 0, 0, 0, 0, 0, 0, 0, 0, 0, 0, 
0, 0, 142, 142, 142, 142, 0, 0, 0, 0, 0, 0, 0, 0, 0, 0, 
0, 0, 0, 0, 0, 0, 151, 181, 159, 159, 159, 159, 159, 159, 159, 159, 
159, 159, 181, 181, 181, 36, 36, 34, 34, 33, 35, 33, 35, 33, 0, 0, 
0, 0, 0, 0, 0, 0, 0, 0, 0, 0, 0, 0, 0, 0, 0, 302, 
302, 302, 302, 302, 302, 302, 219, 219, 219, 219, 219, 218, 219, 219, 219, 219
,
219, 219, 218, 219, 219, 219, 219, 219, 219, 219, 302, 302, 302, 302, 219, 219, 
218, 219, 219, 219, 219, 302, 302, 302, 302, 302, 302, 302, 302, 302, 302, 302, 
302, 302, 302, 302, 302, 302, 302, 302, 302, 302, 0, 0, 0, 0, 0, 0, 
0, 0, 0, 0, 0, 0, 0, 0, 0, 0, 0, 0, 0, 0, 0, 0, 
0, 0, 0, 0, 0, 0, 0, 0, 0, 0, 0, 0, 0, 0, 0, 0, 
0, 0, 0, 0, 0, 0, 0, 0, 0, 0, 0, 0, 0, 0, 0, 0, 
0, 0, 0, 0, 0, 0, 0, 0, 0, 0, 0, 0, 0, 0, 0, 0, 
0, 0, 142, 142, 142, 142, 0, 0, 0, 0, 0, 0, 0, 0, 0, 0, 
0, 0, 0, 0, 0, 151, 159, 159, 159, 159, 159, 159, 159, 159, 159, 159, 
159, 159, 159, 181, 181, 181, 154, 36, 33, 33, 35, 35, 36, 0, 0, 0, 
0, 0, 0, 0, 0, 0, 0, 0, 0, 0, 0, 0, 0, 302, 302, 302, 
302, 302, 302, 302, 302, 302, 302, 302, 302, 218, 219, 219, 219, 133, 219, 219
,
219, 219, 219, 219, 219, 219, 302, 302, 302, 302, 302, 302, 302, 302, 219, 219, 
219, 219, 219, 219, 302, 302, 302, 302, 302, 302, 219, 219, 302, 302, 302, 302, 
302, 302, 302, 302, 302, 302, 302, 302, 302, 0, 0, 0, 0, 0, 0, 0, 
0, 0, 0, 0, 0, 0, 0, 0, 0, 0, 0, 0, 0, 0, 0, 0, 
0, 0, 0, 0, 0, 0, 0, 0, 0, 0, 0, 0, 0, 0, 0, 0, 
0, 0, 0, 0, 0, 0, 0, 0, 0, 0, 0, 0, 0, 0, 0, 0, 
0, 0, 0, 0, 0, 0, 0, 0, 0, 0, 0, 0, 0, 0, 0, 0, 
0, 0, 142, 142, 142, 142, 0, 0, 0, 0, 0, 0, 0, 0, 0, 0, 
0, 0, 0, 0, 151, 181, 159, 159, 159, 159, 159, 159, 159, 159, 159, 159, 
159, 159, 159, 181, 181, 181, 181, 154, 33, 34, 35, 36, 0, 0, 0, 0, 
0, 0, 0, 0, 0, 0, 0, 0, 0, 0, 0, 0, 302, 302, 302, 302, 
302, 302, 302, 302, 302, 302, 302, 302, 302, 302, 302, 302, 219, 219, 219, 219
,
219, 219, 219, 219, 302, 302, 302, 302, 302, 302, 302, 302, 219, 219, 219, 219, 
219, 219, 219, 302, 302, 302, 302, 302, 302, 219, 219, 302, 302, 302, 302, 302, 
302, 302, 302, 302, 302, 302, 302, 0, 0, 0, 0, 0, 0, 0, 0, 0, 
0, 0, 0, 0, 0, 0, 0, 0, 0, 0, 0, 0, 0, 0, 0, 0, 
0, 0, 0, 0, 0, 0, 0, 0, 0, 0, 0, 0, 0, 0, 0, 0, 
0, 0, 0, 0, 0, 0, 0, 0, 0, 0, 0, 0, 0, 0, 0, 0, 
0, 0, 0, 0, 0, 0, 0, 0, 0, 0, 0, 0, 0, 0, 0, 0, 
0, 0, 142, 142, 142, 142, 0, 0, 0, 0, 0, 0, 0, 0, 0, 0, 
0, 0, 0, 151, 181, 181, 159, 159, 159, 159, 159, 159, 159, 159, 159, 159, 
159, 159, 159, 159, 159, 181, 181, 181, 154, 6, 8, 0, 0, 0, 0, 0, 
0, 0, 0, 0, 0, 0, 0, 0, 0, 0, 0, 0, 302, 302, 302, 0, 
0, 0, 0, 0, 302, 0, 0, 0, 302, 302, 302, 302, 302, 302, 219, 219
,
219, 219, 219, 219, 302, 302, 302, 302, 302, 302, 302, 302, 302, 219, 219, 219, 
219, 219, 302, 302, 302, 302, 219, 219, 219, 219, 219, 302, 302, 302, 302, 302, 
302, 302, 302, 302, 302, 302, 0, 0, 0, 0, 0, 0, 0, 0, 0, 0, 
0, 0, 0, 0, 0, 0, 0, 0, 0, 0, 0, 0, 0, 0, 0, 0, 
0, 0, 0, 0, 0, 0, 0, 0, 0, 0, 0, 0, 0, 0, 0, 0, 
0, 0, 0, 0, 0, 0, 0, 0, 0, 0, 0, 0, 0, 0, 0, 0, 
0, 0, 0, 0, 0, 0, 0, 0, 0, 0, 0, 0, 0, 0, 0, 0, 
0, 0, 142, 142, 142, 142, 0, 0, 0, 0, 0, 0, 0, 0, 0, 0, 
0, 0, 151, 181, 181, 159, 159, 159, 159, 159, 159, 159, 159, 159, 159, 159, 
159, 159, 159, 159, 159, 181, 181, 181, 181, 7, 6, 0, 0, 0, 0, 0, 
0, 0, 0, 0, 0, 0, 0, 0, 0, 0, 0, 0, 302, 302, 302, 0, 
0, 0, 0, 0, 0, 0, 0, 0, 0, 0, 0, 302, 302, 302, 302, 163
,
302, 302, 302, 302, 302, 302, 302, 302, 302, 302, 302, 219, 219, 219, 219, 219, 
219, 219, 302, 302, 302, 219, 219, 219, 219, 302, 302, 302, 302, 302, 302, 302, 
302, 302, 302, 302, 302, 302, 0, 0, 0, 0, 0, 0, 0, 0, 0, 0, 
0, 0, 0, 0, 0, 0, 0, 0, 0, 0, 0, 0, 0, 0, 0, 0, 
0, 0, 0, 0, 0, 0, 0, 0, 0, 0, 0, 0, 0, 0, 0, 0, 
0, 0, 0, 0, 0, 0, 0, 0, 0, 0, 0, 0, 0, 0, 0, 0, 
0, 0, 0, 0, 0, 0, 0, 0, 0, 0, 0, 0, 0, 0, 0, 0, 
0, 0, 142, 142, 142, 142, 0, 0, 0, 0, 0, 0, 0, 0, 0, 0, 
0, 151, 181, 181, 159, 159, 159, 159, 159, 159, 159, 159, 159, 159, 159, 159, 
159, 159, 159, 159, 159, 181, 181, 181, 181, 7, 7, 0, 0, 0, 0, 0, 
0, 0, 0, 0, 0, 0, 0, 0, 0, 0, 0, 0, 302, 302, 302, 0, 
0, 0, 302, 302, 302, 302, 302, 302, 0, 0, 0, 0, 302, 302, 302, 302
,
302, 302, 302, 302, 302, 302, 302, 302, 302, 219, 219, 219, 219, 219, 218, 219, 
219, 219, 219, 302, 302, 219, 219, 219, 302, 302, 302, 302, 302, 302, 302, 302, 
302, 302, 302, 302, 302, 302, 302, 0, 0, 0, 0, 0, 0, 0, 0, 0, 
0, 0, 0, 0, 0, 0, 0, 0, 0, 0, 0, 0, 0, 0, 0, 0, 
0, 124, 125, 0, 0, 0, 0, 0, 0, 0, 0, 0, 0, 0, 0, 88, 
0, 0, 0, 0, 0, 0, 0, 0, 0, 0, 0, 0, 0, 0, 0, 0, 
0, 0, 0, 0, 0, 0, 0, 0, 0, 0, 0, 0, 0, 0, 0, 0, 
0, 0, 142, 142, 142, 142, 0, 0, 0, 0, 0, 0, 0, 0, 0, 0, 
151, 181, 181, 181, 159, 159, 159, 159, 159, 159, 159, 159, 159, 159, 159, 159, 
159, 159, 159, 159, 181, 181, 181, 181, 181, 6, 7, 154, 0, 0, 0, 0, 
0, 0, 0, 0, 0, 0, 0, 0, 0, 0, 0, 0, 302, 302, 302, 0, 
0, 302, 302, 302, 302, 302, 302, 302, 302, 0, 0, 0, 302, 302, 302, 302
,
302, 302, 302, 302, 302, 302, 302, 302, 219, 219, 218, 219, 133, 219, 219, 219, 
219, 219, 219, 302, 302, 302, 219, 219, 302, 302, 302, 302, 302, 302, 302, 302, 
302, 302, 302, 302, 302, 302, 302, 302, 302, 0, 0, 0, 0, 0, 0, 0, 
0, 0, 0, 0, 0, 0, 0, 0, 0, 0, 0, 0, 0, 0, 0, 0, 
124, 153, 152, 125, 0, 0, 0, 0, 0, 0, 0, 0, 0, 0, 12, 88, 
13, 0, 0, 0, 0, 0, 0, 0, 0, 0, 0, 0, 0, 0, 0, 0, 
0, 0, 0, 0, 0, 0, 0, 0, 0, 0, 0, 0, 0, 0, 0, 0, 
0, 0, 142, 142, 142, 142, 0, 0, 0, 0, 0, 0, 0, 0, 0, 151, 
181, 159, 159, 159, 159, 159, 159, 159, 159, 159, 159, 159, 159, 159, 159, 159, 
159, 159, 159, 181, 181, 181, 181, 181, 7, 6, 5, 7, 154, 0, 0, 0, 
0, 0, 0, 0, 0, 0, 0, 0, 0, 0, 0, 0, 0, 302, 302, 0, 
0, 302, 302, 0, 0, 0, 0, 302, 302, 0, 0, 0, 302, 302, 302, 302
,
302, 302, 302, 302, 302, 302, 302, 302, 219, 219, 219, 219, 219, 163, 219, 219, 
219, 218, 219, 302, 302, 302, 219, 219, 302, 302, 302, 302, 302, 302, 302, 302, 
302, 302, 302, 302, 302, 302, 302, 302, 302, 302, 0, 0, 0, 0, 0, 0, 
0, 0, 0, 0, 0, 0, 0, 0, 0, 0, 0, 0, 0, 0, 0, 124, 
153, 152, 153, 153, 125, 0, 0, 0, 0, 0, 0, 0, 0, 12, 88, 88, 
88, 13, 0, 0, 0, 0, 0, 0, 0, 0, 0, 0, 0, 0, 0, 0, 
0, 0, 0, 0, 0, 0, 0, 0, 0, 0, 0, 0, 0, 0, 0, 0, 
0, 0, 142, 142, 142, 142, 0, 0, 0, 0, 0, 0, 0, 0, 151, 181, 
159, 159, 159, 159, 159, 159, 159, 159, 159, 159, 159, 159, 159, 159, 159, 159, 
159, 159, 159, 181, 181, 181, 181, 181, 7, 7, 7, 6, 181, 154, 0, 0, 
0, 0, 0, 0, 0, 0, 0, 0, 0, 0, 0, 0, 0, 0, 0, 0, 
0, 302, 302, 0, 0, 0, 0, 0, 302, 0, 0, 0, 302, 302, 302, 302
,
302, 302, 302, 302, 302, 302, 302, 302, 219, 219, 219, 219, 218, 219, 219, 135, 
219, 219, 163, 302, 302, 302, 219, 219, 302, 302, 302, 302, 302, 302, 302, 302, 
302, 302, 302, 302, 302, 302, 302, 302, 302, 302, 0, 0, 0, 0, 0, 0, 
0, 0, 0, 0, 0, 0, 0, 0, 0, 0, 0, 0, 0, 0, 12, 152, 
231, 152, 152, 152, 152, 154, 0, 0, 0, 0, 0, 0, 0, 88, 88, 88, 
88, 88, 0, 0, 0, 0, 0, 0, 0, 0, 0, 0, 0, 0, 0, 0, 
0, 0, 0, 0, 0, 0, 0, 0, 0, 0, 0, 0, 0, 0, 0, 0, 
0, 0, 142, 142, 142, 142, 0, 0, 0, 0, 0, 0, 0, 151, 181, 181, 
159, 159, 159, 159, 159, 159, 159, 159, 159, 159, 159, 159, 159, 159, 159, 159, 
159, 159, 159, 181, 181, 181, 181, 181, 7, 7, 5, 7, 181, 181, 154, 0, 
0, 0, 0, 0, 0, 0, 0, 0, 0, 0, 0, 0, 0, 0, 0, 0, 
0, 302, 302, 302, 0, 0, 0, 0, 302, 0, 0, 0, 302, 302, 302, 302
,
302, 302, 302, 302, 302, 302, 302, 302, 302, 219, 219, 219, 219, 219, 219, 219, 
219, 302, 302, 302, 302, 302, 219, 219, 302, 302, 302, 302, 302, 302, 302, 302, 
302, 302, 302, 302, 302, 302, 302, 302, 302, 302, 302, 302, 0, 0, 0, 0, 
0, 0, 0, 0, 0, 0, 0, 0, 0, 0, 0, 0, 0, 12, 231, 231, 
231, 231, 152, 231, 231, 231, 13, 0, 0, 0, 0, 0, 0, 88, 280, 280, 
280, 88, 0, 0, 0, 0, 0, 0, 0, 0, 0, 0, 0, 0, 0, 0, 
0, 0, 0, 0, 0, 0, 0, 0, 0, 0, 0, 0, 0, 0, 0, 0, 
0, 0, 142, 142, 142, 142, 0, 0, 0, 0, 0, 0, 151, 181, 181, 181, 
181, 181, 159, 159, 159, 159, 159, 159, 159, 159, 159, 159, 159, 159, 159, 159, 
159, 159, 159, 181, 181, 181, 181, 7, 6, 7, 5, 8, 7, 181, 181, 154, 
0, 0, 0, 0, 0, 0, 0, 0, 0, 0, 0, 0, 0, 0, 0, 0, 
0, 302, 302, 302, 302, 0, 0, 302, 0, 0, 302, 302, 302, 302, 302, 302
,
302, 302, 302, 302, 302, 302, 302, 302, 302, 219, 219, 219, 219, 219, 219, 219, 
163, 302, 302, 302, 302, 302, 219, 219, 219, 302, 302, 302, 302, 302, 302, 302, 
302, 302, 302, 302, 302, 302, 302, 302, 302, 302, 302, 302, 302, 302, 0, 0, 
0, 0, 0, 0, 0, 0, 0, 0, 0, 0, 0, 0, 12, 231, 231, 231, 
231, 152, 231, 231, 231, 231, 231, 13, 0, 0, 0, 0, 0, 88, 280, 280, 
280, 88, 0, 0, 0, 0, 0, 0, 0, 0, 0, 0, 0, 0, 0, 0, 
0, 0, 0, 0, 2, 2, 2, 0, 0, 0, 0, 0, 0, 0, 0, 0, 
0, 142, 142, 142, 142, 142, 142, 0, 0, 0, 0, 151, 181, 181, 181, 181, 
181, 181, 181, 181, 181, 181, 159, 159, 159, 159, 159, 181, 181, 181, 181, 181, 
181, 159, 159, 181, 181, 181, 7, 6, 7, 7, 7, 7, 7, 181, 181, 181, 
154, 0, 0, 0, 0, 0, 0, 0, 0, 0, 0, 0, 0, 0, 0, 0, 
0, 302, 302, 302, 302, 302, 0, 0, 0, 302, 302, 302, 302, 302, 302, 302
,
302, 302, 302, 302, 302, 302, 302, 302, 302, 302, 302, 302, 219, 219, 219, 302, 
302, 302, 302, 302, 302, 302, 302, 219, 219, 302, 302, 302, 302, 302, 302, 302, 
302, 302, 302, 302, 302, 302, 302, 302, 302, 302, 302, 302, 302, 302, 302, 302, 
0, 0, 0, 0, 0, 0, 0, 0, 0, 0, 0, 12, 231, 231, 231, 231, 
231, 231, 231, 231, 231, 231, 231, 231, 13, 0, 0, 0, 0, 88, 88, 88, 
88, 88, 0, 0, 0, 0, 0, 0, 0, 0, 0, 0, 0, 0, 0, 2, 
2, 2, 2, 2, 98, 98, 98, 2, 2, 2, 2, 2, 2, 2, 2, 0, 
0, 142, 142, 142, 142, 142, 142, 0, 0, 0, 151, 181, 181, 181, 181, 181, 
181, 181, 181, 181, 181, 181, 181, 181, 181, 181, 159, 181, 181, 181, 181, 181, 
181, 159, 159, 181, 181, 181, 7, 7, 7, 7, 7, 8, 7, 7, 181, 167, 
181, 154, 0, 0, 0, 0, 0, 0, 0, 0, 0, 0, 0, 0, 0, 0, 
302, 302, 302, 302, 302, 302, 302, 302, 302, 302, 302, 302, 302, 302, 302, 302
,
302, 302, 302, 302, 302, 302, 302, 302, 302, 302, 302, 302, 302, 302, 219, 302, 
302, 302, 302, 302, 302, 302, 302, 219, 219, 219, 302, 302, 302, 302, 302, 302, 
302, 302, 302, 302, 302, 302, 302, 302, 302, 302, 302, 302, 302, 302, 302, 302, 
302, 302, 302, 0, 0, 0, 0, 0, 0, 0, 12, 231, 231, 231, 231, 231, 
231, 231, 231, 231, 231, 231, 231, 231, 231, 13, 0, 0, 0, 88, 88, 88, 
88, 88, 0, 0, 0, 0, 0, 0, 0, 0, 0, 0, 0, 0, 2, 98, 
98, 98, 98, 98, 98, 98, 98, 98, 98, 98, 98, 98, 98, 98, 98, 2, 
142, 142, 142, 142, 142, 142, 142, 142, 0, 151, 181, 181, 181, 181, 181, 181, 
181, 181, 181, 181, 181, 181, 181, 181, 181, 181, 181, 181, 181, 181, 181, 181, 
181, 181, 181, 181, 181, 181, 7, 8, 7, 8, 5, 5, 5, 35, 6, 181, 
181, 181, 154, 0, 0, 0, 0, 0, 0, 0, 0, 0, 0, 0, 0, 302, 
302, 302, 302, 302, 302, 302, 302, 302, 302, 302, 302, 302, 302, 302, 302, 302

};

